tensor([ 0.1080,  0.0979,  0.1195,  0.2937,  0.3131, -0.1979, -0.5666, -0.5591,
         0.1812, -0.0263,  0.5880,  0.9521, -0.1364, -0.2728,  0.5006,  0.2555,
        -0.0302,  0.2542, -0.0646, -1.2970,  0.0620, -0.2877, -0.0225, -0.1973,
        -0.8484, -0.0589, -0.3332, -0.0605,  0.1648,  0.0557, -0.0958,  1.0384,
         0.1080, -0.8035,  0.2257, -0.5169,  0.2197,  0.8024,  0.4156, -0.8213,
         0.5311,  0.2500, -0.1415, -0.1343, -1.0724, -0.4535,  0.2352, -0.2690,
        -0.2182, -0.3640, -0.0941, -0.3707,  1.6685, -0.2073,  0.1699,  0.0883,
        -1.1615, -0.1145,  0.0700, -0.3223,  0.1918,  0.2676, -0.0231, -0.1602],
       device='cuda:0')
tensor([-2.9594e-02, -7.1845e-02,  1.4315e-01,  2.2434e-01,  7.2583e-02,
         1.5260e-02, -5.9780e-01, -4.1708e-01,  2.0294e-01, -1.7738e-01,
         6.1024e-01,  1.0524e+00, -6.3529e-02, -8.8859e-02,  6.5858e-01,
         2.2739e-02, -1.6363e-01,  1.8755e-03, -1.3398e-02, -1.3395e+00,
        -2.2466e-01, -3.3858e-01, -6.8173e-02,  1.8525e-02, -8.6853e-01,
        -9.4719e-02, -3.9904e-02,  7.5245e-03,  3.3852e-01,  2.7436e-01,
        -9.8486e-02,  9.7853e-01,  2.3044e-02, -7.8739e-01,  2.3246e-01,
        -3.3220e-01,  4.4157e-01,  7.1943e-01,  3.9655e-01, -9.3335e-01,
         7.2051e-01,  1.8378e-01, -8.3208e-02, -2.4478e-04, -1.2732e+00,
        -3.2476e-01,  2.0600e-01, -1.8811e-01, -1.2158e-01, -1.4940e-01,
        -3.0058e-01, -2.8104e-01,  1.5184e+00, -4.2272e-01,  7.0903e-02,
         1.1487e-01, -1.1268e+00,  2.6741e-01,  1.2352e-01, -3.0937e-01,
         3.1068e-03,  2.1413e-01,  1.5587e-01, -2.5336e-01], device='cuda:0')
tensor([-0.3241,  0.0541, -0.3669,  0.0098,  0.2247,  0.0275, -0.2815, -0.4439,
         0.4550, -0.0511,  0.4212,  0.4371,  0.1033,  0.1431,  0.0277, -0.0551,
         0.0772,  0.3789,  0.1270, -0.5755,  0.0513, -0.4606,  0.0265, -0.3932,
        -0.4264,  0.2365, -0.5305, -0.0613,  0.0252, -0.0708, -0.3542,  0.7915,
         0.0290, -0.4098,  0.0863, -0.3133,  0.2034,  0.2225,  0.3782, -0.3834,
        -0.1182,  0.0455, -0.2653,  0.0072, -0.2376, -0.2028,  0.2106,  0.0568,
         0.1166, -0.2228,  0.1142, -0.0255,  0.6846, -0.2413,  0.0967,  0.0152,
        -0.4102, -0.3325,  0.1040, -0.1546,  0.1497,  0.2929, -0.0619,  0.0707],
       device='cuda:0')
tensor([ 0.0304, -0.4297, -0.1888,  0.3288,  0.0649,  0.0856, -0.3417, -0.4284,
         0.3049,  0.0281,  0.3094,  0.6888, -0.0263, -0.1178,  0.2545, -0.1994,
         0.0247,  0.3213,  0.2462, -1.1110,  0.0550, -0.3745, -0.2119, -0.4544,
        -0.6233,  0.2685, -0.0602, -0.1992,  0.0805, -0.0675,  0.0886,  0.6874,
         0.0822, -0.4567, -0.0381, -0.4748,  0.4157,  0.2803,  0.3382, -0.6549,
         0.5411,  0.1980, -0.0967,  0.0160, -0.7559, -0.5303,  0.0100,  0.0398,
        -0.1649, -0.0925,  0.2021, -0.2595,  0.8681, -0.2232, -0.1275, -0.1161,
        -0.7346, -0.1573,  0.3833,  0.0627, -0.1644,  0.0901,  0.2184,  0.0132],
       device='cuda:0')
tensor([ 0.0249, -0.3462, -0.1709,  0.4391,  0.0299, -0.1916, -0.4208, -0.5698,
         0.4246,  0.3655,  0.4620,  0.6442,  0.1583, -0.3143,  0.4996, -0.0169,
         0.2493,  0.2877,  0.2578, -1.3017,  0.1191, -0.3523, -0.0293, -0.3281,
        -0.7101,  0.1732, -0.3857,  0.0462,  0.0510, -0.0207, -0.0062,  0.9989,
         0.0421, -0.5502,  0.3911, -0.5571,  0.3965,  0.5434,  0.5585, -0.6399,
         0.3479,  0.0680, -0.0094,  0.1121, -1.0323, -0.3598,  0.2265, -0.3424,
        -0.1499, -0.3124,  0.2543, -0.1533,  1.1274, -0.2839,  0.0327,  0.2121,
        -0.8929, -0.3265,  0.0150, -0.1176, -0.0401,  0.1302,  0.0121, -0.1554],
       device='cuda:0')
tensor([ 0.1546,  0.0138, -0.1122,  0.1805,  0.2659, -0.4713, -0.0252, -0.3943,
         0.1814,  0.0314, -0.2223,  0.1518,  0.1195, -0.0780,  0.1185, -0.0598,
         0.1412, -0.0584, -0.1002, -0.5938,  0.0909, -0.1730, -0.4093, -0.2845,
        -0.2398, -0.0099, -0.2912, -0.0453,  0.0291, -0.2247,  0.1569,  0.7077,
        -0.1772, -0.2741, -0.1142, -0.3716, -0.1086,  0.1012,  0.2340, -0.0372,
        -0.4746, -0.0500,  0.1729,  0.0928, -0.3259, -0.2968,  0.4222, -0.1709,
        -0.0031, -0.0277,  0.1988, -0.1700,  0.5686,  0.0136,  0.2045,  0.0987,
        -0.4697, -0.2060, -0.0536, -0.0124,  0.1257,  0.0821,  0.1281,  0.0088],
       device='cuda:0')
tensor([ 0.1532, -0.0574,  0.3919,  0.3096,  0.1414, -0.0518, -0.3807, -0.2194,
         0.2197,  0.1352,  0.6073,  1.0177, -0.1005, -0.1899,  0.4872,  0.2443,
        -0.0217,  0.1175,  0.0824, -1.3283, -0.0301, -0.2611,  0.0345, -0.1413,
        -0.7259, -0.0224, -0.1222, -0.0894,  0.2244,  0.0541, -0.1274,  0.9540,
         0.0087, -0.7257,  0.1163, -0.5395,  0.3001,  0.5919,  0.3702, -0.8137,
         0.7615,  0.1931, -0.0852, -0.0925, -1.1409, -0.4114,  0.2061, -0.2444,
        -0.2157, -0.2186, -0.3184, -0.3283,  1.5862, -0.1481,  0.0813,  0.1224,
        -1.0657, -0.0060,  0.1189, -0.3840,  0.1484,  0.2185,  0.0506, -0.2929],
       device='cuda:0')
tensor([ 0.2803, -0.4115,  0.2776,  0.3921, -0.0697, -0.1106, -0.3626, -0.4256,
         0.3573, -0.0077,  0.2252,  0.8683, -0.2473, -0.2643,  0.4920, -0.0616,
        -0.0709,  0.2280,  0.2162, -1.0739, -0.1490, -0.2588, -0.2046,  0.0151,
        -0.5875,  0.0213, -0.1384, -0.1785,  0.1848,  0.1182,  0.3200,  0.7297,
         0.2108, -0.5698,  0.2025, -0.3185,  0.2650,  0.6006,  0.2154, -0.8326,
         0.8155,  0.2256, -0.1015, -0.2323, -1.1840, -0.5947,  0.0592,  0.0142,
        -0.2475, -0.0508,  0.0412, -0.3029,  1.1034, -0.2013, -0.1118,  0.0206,
        -0.7641,  0.2548,  0.2806, -0.1965, -0.1688,  0.0839,  0.2461,  0.0733],
       device='cuda:0')
tensor([ 0.0078, -0.1181, -0.1264,  0.2917,  0.2930, -0.1230, -0.3969, -0.6225,
         0.1801,  0.1700,  0.3247,  0.7829,  0.0534, -0.1223,  0.2494,  0.0286,
         0.0491,  0.2060,  0.0018, -1.1580,  0.0464, -0.3832, -0.0832, -0.4331,
        -0.6311,  0.3496, -0.4589, -0.1181,  0.0742, -0.1212, -0.3125,  0.9593,
        -0.1532, -0.5736, -0.0677, -0.5793,  0.2665,  0.4659,  0.4337, -0.4966,
         0.1158,  0.0856, -0.0944, -0.1950, -0.6666, -0.4079,  0.2318, -0.1195,
         0.0725, -0.1890,  0.1219, -0.2758,  1.2675, -0.2817,  0.1698,  0.0160,
        -0.8091, -0.2718,  0.1598, -0.1707,  0.1236,  0.4529,  0.1483, -0.3184],
       device='cuda:0')
tensor([ 0.1626, -0.1013,  0.0130,  0.5356,  0.0840, -0.0826, -0.3935, -0.4781,
         0.1050,  0.3271,  0.4985,  0.7897, -0.0572, -0.3356,  0.5618,  0.0926,
         0.1220,  0.1321,  0.1901, -1.2291, -0.0439, -0.2551,  0.0930, -0.2182,
        -0.7115,  0.0027, -0.3269, -0.1058,  0.1910,  0.0565, -0.1391,  0.8447,
        -0.0690, -0.7888,  0.5068, -0.6145,  0.3044,  0.4261,  0.6106, -0.8187,
         0.3702,  0.0996, -0.2176,  0.0844, -1.1256, -0.2311,  0.1149, -0.4311,
        -0.1187, -0.2858,  0.1400, -0.0915,  1.4031, -0.1899,  0.2420,  0.3708,
        -0.7965, -0.2407, -0.0237, -0.1560,  0.0386,  0.1308, -0.0963, -0.3605],
       device='cuda:0')
tensor([-2.4874e-01, -3.1172e-02, -4.4298e-01,  2.7482e-02,  2.6687e-01,
         2.5676e-03, -2.9883e-01, -4.0902e-01,  4.1295e-01, -1.4140e-01,
         4.0149e-01,  5.1043e-01,  4.0192e-02,  2.1058e-01,  6.6609e-02,
        -2.2244e-02,  7.5693e-02,  4.5575e-01, -5.4024e-04, -7.3687e-01,
         7.1553e-02, -5.4154e-01, -7.2154e-02, -4.8966e-01, -4.4466e-01,
         3.3961e-01, -4.6642e-01, -1.3490e-01,  8.3069e-02, -1.5652e-01,
        -2.2963e-01,  8.9483e-01,  4.7993e-02, -4.6617e-01, -1.3068e-01,
        -2.8170e-01,  2.6903e-01,  3.7320e-01,  3.4479e-01, -3.9449e-01,
        -2.0960e-02,  8.3093e-02, -9.7822e-02, -6.5341e-02, -3.4135e-01,
        -2.1768e-01,  2.5037e-01,  1.9802e-02,  1.8639e-02, -2.3696e-01,
         8.6310e-02, -1.0570e-01,  8.1990e-01, -2.1368e-01,  8.2454e-02,
        -1.0747e-01, -6.2809e-01, -3.8448e-01,  1.0487e-01,  3.3368e-03,
         1.6003e-01,  3.7921e-01,  1.8787e-01,  1.0068e-01], device='cuda:0')
tensor([ 4.1712e-01,  2.1847e-01,  4.9340e-01,  4.1497e-01,  2.6847e-01,
         1.1764e-04, -5.3340e-01, -2.7083e-01,  1.1791e-01, -1.8261e-02,
         6.9296e-01,  1.3407e+00, -1.7795e-01, -1.7266e-01,  5.7525e-01,
         3.0626e-01, -1.4000e-01, -4.8051e-02, -1.5918e-01, -1.4596e+00,
        -2.1396e-01, -4.2582e-01, -1.0394e-01,  1.7507e-01, -9.5997e-01,
        -1.9547e-01, -3.0469e-01, -8.1180e-02,  2.8997e-01,  3.6199e-01,
        -9.1298e-02,  9.3590e-01,  1.1137e-01, -9.9217e-01,  3.2625e-01,
        -4.5611e-01,  1.6470e-01,  6.7865e-01,  1.3683e-01, -8.8822e-01,
         8.0133e-01,  1.8365e-01, -8.7075e-02, -2.4848e-01, -1.4783e+00,
        -5.7379e-01,  1.6117e-01, -3.6088e-01, -1.5632e-01, -9.7601e-02,
        -3.3413e-01, -4.8646e-01,  2.0481e+00, -4.2270e-01,  2.7367e-01,
         6.8887e-02, -1.0740e+00,  2.3040e-01, -1.3571e-01,  3.2300e-02,
         1.6007e-01,  1.1047e-01,  1.0524e-01, -2.8708e-01], device='cuda:0')
tensor([ 0.0296,  0.0577,  0.2726,  0.3153,  0.1173, -0.1028, -0.5162, -0.3038,
         0.1360, -0.2250,  0.4360,  0.9587, -0.2086, -0.0576,  0.4201,  0.2354,
         0.0773,  0.1303, -0.2316, -1.1853, -0.1073, -0.1456, -0.1538, -0.0388,
        -0.8796, -0.1812,  0.0135, -0.0666,  0.2153,  0.1297,  0.0110,  0.8289,
        -0.1090, -0.6448,  0.1020, -0.2603,  0.1673,  0.5179,  0.2736, -0.6737,
         0.6081,  0.1624, -0.0555, -0.0769, -1.1108, -0.4361,  0.1726, -0.1705,
        -0.2522,  0.0085, -0.2198, -0.3719,  1.4839, -0.2664, -0.0050,  0.0162,
        -1.0331,  0.3148,  0.2398, -0.3680, -0.0332,  0.3561,  0.1807, -0.2792],
       device='cuda:0')
tensor([-0.0008, -0.0459, -0.0588,  0.0135,  0.1305, -0.1194,  0.0322, -0.2786,
         0.2075,  0.0239, -0.0372,  0.2038, -0.0336, -0.0123,  0.0099, -0.1839,
        -0.0157,  0.0271,  0.0203, -0.2936, -0.0028, -0.1545, -0.1504, -0.1082,
        -0.2053,  0.0659, -0.1295, -0.1545, -0.0225, -0.0384, -0.0109,  0.2069,
         0.0255, -0.1960, -0.1723, -0.2341,  0.0835,  0.0132,  0.0347, -0.0780,
        -0.3088,  0.0985, -0.0431, -0.0842, -0.1833, -0.2798,  0.1049,  0.1251,
         0.0593,  0.0833,  0.0735, -0.1058,  0.2696, -0.0241,  0.0398,  0.0507,
        -0.1570, -0.0265,  0.1263,  0.0857, -0.0426,  0.0151,  0.0651,  0.1439],
       device='cuda:0')
tensor([ 8.0877e-02,  1.8646e-02,  1.9376e-01,  3.4037e-01, -3.2900e-02,
         1.2346e-01, -4.1048e-01, -3.9068e-01,  3.5764e-01,  1.8053e-01,
         7.9797e-01,  1.1983e+00,  8.1407e-02, -2.1848e-01,  4.4558e-01,
         9.8608e-02,  6.6882e-04,  2.4629e-01,  2.0588e-01, -1.2982e+00,
        -6.0995e-02, -3.7403e-01,  2.6497e-02, -1.3385e-01, -7.0996e-01,
        -1.2369e-01, -4.1500e-01, -1.1155e-02,  2.0882e-01,  3.8180e-01,
        -2.6175e-01,  1.1059e+00,  7.4568e-02, -8.0282e-01,  4.0423e-01,
        -4.4670e-01,  4.8348e-01,  7.5490e-01,  4.9019e-01, -9.9013e-01,
         6.8507e-01,  1.1084e-01, -1.4118e-01, -9.7609e-02, -1.1628e+00,
        -4.8453e-01,  5.7708e-02, -3.4841e-01, -6.7452e-02, -3.4021e-01,
        -2.4947e-01, -2.9101e-01,  1.5145e+00, -3.5579e-01,  1.5478e-02,
         2.0823e-01, -1.0778e+00,  7.3968e-02,  1.4500e-01, -3.9742e-01,
         5.7176e-02,  2.4345e-01, -9.0654e-03, -2.8044e-01], device='cuda:0')
tensor([ 0.2972,  0.0066,  0.2360,  0.3372,  0.1484,  0.0417, -0.4833, -0.4699,
         0.1781,  0.0367,  0.5742,  1.0443, -0.0949, -0.3433,  0.6089, -0.0441,
        -0.0546,  0.0301,  0.0687, -1.3421, -0.0919, -0.3420, -0.1152, -0.0728,
        -0.8824, -0.0600, -0.1992, -0.1208,  0.3354,  0.1685,  0.0492,  0.9858,
         0.1233, -0.8390,  0.3745, -0.4446,  0.4151,  0.5964,  0.3549, -0.8301,
         0.6418,  0.2092, -0.2531, -0.2648, -1.2484, -0.6020,  0.0379, -0.2477,
        -0.1026, -0.1894, -0.1403, -0.4006,  1.4896, -0.3492,  0.0898,  0.0812,
        -1.1829,  0.1524,  0.0154, -0.1997, -0.0149,  0.1554,  0.1590, -0.2233],
       device='cuda:0')
tensor([ 0.2806, -0.3273, -0.0525,  0.5605,  0.0785, -0.1737, -0.2059, -0.4755,
         0.1987,  0.1215,  0.1157,  0.6369, -0.0620, -0.1066,  0.4153, -0.1999,
         0.1630,  0.1923,  0.2667, -1.1015,  0.0900, -0.3663, -0.2375, -0.1563,
        -0.4314,  0.1384, -0.0635, -0.2161,  0.1383, -0.1910,  0.2808,  0.8610,
         0.0523, -0.5562,  0.0097, -0.3474,  0.3556,  0.3713,  0.3658, -0.6330,
         0.3580,  0.2138, -0.0293,  0.0507, -0.8356, -0.5608,  0.0706,  0.0465,
        -0.2029, -0.0879,  0.1502, -0.4239,  0.7920, -0.1451, -0.0086, -0.0270,
        -0.7745, -0.0480,  0.4475,  0.0250, -0.1231,  0.0397,  0.3737,  0.1355],
       device='cuda:0')
tensor([ 7.6120e-03, -1.7617e-01, -2.1579e-01,  3.0384e-01,  5.9170e-02,
        -4.7328e-02, -3.4871e-01, -5.2643e-01,  3.6258e-01,  6.4581e-02,
         5.3082e-01,  6.8995e-01,  4.6176e-02, -1.1218e-01,  2.5443e-01,
        -1.8684e-02,  7.0224e-02,  3.0888e-01,  1.3224e-01, -1.1002e+00,
         8.1754e-02, -3.6071e-01,  9.4291e-04, -3.3256e-01, -5.7460e-01,
         1.8859e-01, -3.8944e-01, -8.1972e-02,  1.6597e-01,  1.4936e-02,
        -1.9463e-01,  8.6610e-01,  8.2335e-02, -4.4392e-01,  3.6681e-01,
        -4.5036e-01,  4.0988e-01,  3.8626e-01,  4.2158e-01, -6.6091e-01,
         2.7347e-01,  1.1203e-01, -1.6217e-01,  5.2916e-02, -6.8384e-01,
        -3.4004e-01,  8.0591e-02, -1.5700e-01, -2.7857e-02, -1.3713e-01,
         1.5044e-01, -2.5449e-01,  9.3062e-01, -3.3410e-01, -1.1947e-02,
         3.0037e-02, -7.8764e-01, -2.6957e-01,  1.9628e-01, -2.6012e-01,
        -1.8533e-02,  2.8298e-01, -3.8311e-02, -4.9140e-02], device='cuda:0')
tensor([ 0.0277,  0.0185, -0.0706,  0.1704,  0.1241, -0.2991, -0.4255, -0.6162,
         0.3395,  0.1179,  0.5560,  0.5450,  0.1084, -0.0089,  0.3704,  0.0550,
         0.2711,  0.3520,  0.0494, -0.9276,  0.0851, -0.2322, -0.0608, -0.2815,
        -0.6508,  0.0123, -0.3357, -0.0604,  0.1607, -0.0065, -0.1745,  1.1437,
         0.0551, -0.4929,  0.2100, -0.4558,  0.1331,  0.5511,  0.4849, -0.4793,
         0.1245, -0.0639, -0.1732, -0.0389, -0.6955, -0.4112,  0.3678, -0.2398,
        -0.0074, -0.2684,  0.0544, -0.2001,  1.0941, -0.2556,  0.0628,  0.0566,
        -0.8052, -0.3436,  0.0232, -0.4955,  0.1582,  0.2921,  0.0445, -0.0097],
       device='cuda:0')
tensor([ 0.0199, -0.1027,  0.0508,  0.3267,  0.2552, -0.3534, -0.2669, -0.2393,
         0.2849,  0.3521,  0.2528,  0.4862,  0.0726, -0.1834,  0.2451,  0.1736,
         0.0300,  0.1707, -0.0609, -0.9691,  0.1754, -0.1997,  0.0858, -0.3986,
        -0.4594,  0.1966, -0.1402,  0.0572, -0.0709, -0.1822, -0.2865,  0.7471,
        -0.1671, -0.3991,  0.0181, -0.3358,  0.3539,  0.3078,  0.2712, -0.4364,
         0.1427,  0.0070, -0.0184,  0.1569, -0.5504, -0.0819,  0.0083, -0.0977,
        -0.0706, -0.2524,  0.1060, -0.1071,  0.9506, -0.1538,  0.0670,  0.1150,
        -0.6834, -0.4149,  0.1544, -0.2955,  0.0199,  0.2760, -0.0234, -0.2288],
       device='cuda:0')
tensor([ 4.7037e-01,  1.9743e-02,  2.3000e-01,  3.5817e-01,  2.0678e-02,
        -2.6037e-01, -3.9977e-01, -5.8052e-01,  9.4465e-02,  7.4809e-02,
         6.0067e-01,  9.5232e-01, -1.8072e-01, -4.0243e-01,  7.2880e-01,
        -4.8111e-02, -2.7585e-02, -3.8582e-02,  1.9989e-02, -1.3366e+00,
        -1.0991e-01, -3.6426e-01, -6.5858e-02, -2.3094e-01, -8.3429e-01,
        -8.6156e-04, -4.4371e-01,  1.0819e-02,  2.2882e-01,  1.7246e-01,
        -1.3487e-01,  1.0004e+00,  6.9886e-02, -8.5071e-01,  1.6585e-01,
        -6.5568e-01,  2.8143e-01,  8.1040e-01,  3.6658e-01, -8.0752e-01,
         4.4487e-01,  4.8075e-02, -1.0524e-01, -2.8414e-01, -1.3035e+00,
        -5.9356e-01,  3.3165e-01, -1.7937e-01, -2.5986e-03, -3.8364e-01,
         7.8765e-02, -3.0756e-01,  1.6939e+00, -2.9650e-01,  9.6706e-02,
         2.4751e-01, -1.0389e+00, -1.3609e-01, -1.2710e-01, -2.2244e-01,
         1.4733e-02,  1.1135e-01,  1.1665e-01, -3.4835e-01], device='cuda:0')
tensor([-2.1839e-01, -6.1354e-02, -3.5981e-01, -7.8684e-02,  1.8383e-01,
        -6.7953e-02, -1.4774e-01, -4.6467e-01,  2.3035e-01, -5.0057e-02,
         1.8109e-01,  2.5812e-01,  1.3311e-01,  4.9131e-02,  5.9998e-02,
        -3.2959e-01,  1.9738e-02,  7.4089e-02,  9.3841e-02, -4.6202e-01,
         5.8198e-02, -2.9351e-01, -1.2123e-01, -2.9367e-01, -3.1339e-01,
         4.2696e-02, -4.4408e-01, -1.3130e-01, -3.0911e-04, -3.0468e-02,
        -1.5829e-01,  4.5589e-01,  6.2711e-02, -2.8326e-01,  1.2149e-03,
        -4.1238e-01,  1.6101e-01,  2.1892e-01,  2.1891e-01, -1.2659e-01,
        -3.0635e-01,  3.6913e-03, -2.1896e-02, -1.5154e-01, -1.7366e-01,
        -2.5690e-01,  2.5736e-01, -6.9634e-02,  1.1927e-01, -1.2728e-01,
         1.1532e-01,  1.7703e-02,  4.7788e-01, -1.5127e-01, -6.4296e-02,
         2.6606e-02, -4.0272e-01, -1.7237e-01,  5.0054e-02, -7.5591e-02,
         1.5651e-02,  2.1586e-01,  1.2138e-01,  5.5368e-02], device='cuda:0')
tensor([-0.1719, -0.0917, -0.4143,  0.0183,  0.2485, -0.0717, -0.2206, -0.3783,
         0.3662, -0.0937,  0.2915,  0.3458,  0.0848,  0.1677,  0.0476, -0.1034,
        -0.0107,  0.2961, -0.0148, -0.5538,  0.1046, -0.4980, -0.1215, -0.3727,
        -0.3107,  0.3179, -0.4519, -0.1576,  0.0161, -0.1056, -0.0650,  0.7732,
         0.0411, -0.3773, -0.2423, -0.2122,  0.2362,  0.3135,  0.2858, -0.3251,
        -0.0390,  0.0630, -0.1140, -0.0245, -0.2700, -0.3293,  0.2277, -0.0183,
         0.0823, -0.1163,  0.1317, -0.0570,  0.6630, -0.2642, -0.0289, -0.0495,
        -0.6534, -0.2398,  0.0225, -0.0218,  0.0317,  0.3423,  0.2822,  0.0988],
       device='cuda:0')
tensor([-0.2065,  0.1525, -0.4879,  0.1147,  0.3306, -0.2027, -0.3331, -0.5550,
         0.3242,  0.1045,  0.4290,  0.3177,  0.1410, -0.0167,  0.3196,  0.0684,
         0.1653,  0.2636,  0.0116, -0.8610,  0.1084, -0.4124,  0.0337, -0.5649,
        -0.4323,  0.1200, -0.6010, -0.0519,  0.0682, -0.0814, -0.2224,  1.1064,
        -0.0988, -0.3817,  0.1399, -0.4620,  0.0939,  0.3776,  0.5536, -0.3523,
        -0.2214, -0.1284, -0.1411,  0.1334, -0.4486, -0.2284,  0.4821, -0.1626,
         0.0675, -0.3010,  0.1513, -0.0430,  1.0076, -0.2315,  0.0939,  0.1056,
        -0.6244, -0.5346, -0.0211, -0.1612,  0.2455,  0.5068, -0.0511, -0.0145],
       device='cuda:0')
tensor([ 0.0325, -0.3760,  0.1058,  0.3751,  0.0279,  0.0918, -0.2858, -0.1635,
         0.1892,  0.1303,  0.2888,  0.5904, -0.1630, -0.1974,  0.3173, -0.0989,
         0.1574,  0.2851,  0.4407, -0.7060,  0.0586, -0.2008,  0.0319,  0.0503,
        -0.3395,  0.1843, -0.0311, -0.1490,  0.0743,  0.0106,  0.0190,  0.3439,
         0.1905, -0.2638,  0.3526, -0.1237,  0.3185,  0.2020,  0.2346, -0.5962,
         0.6417,  0.1467, -0.0183,  0.1576, -0.7782, -0.3078, -0.3378,  0.1036,
        -0.2603, -0.0334,  0.0744, -0.1918,  0.5119, -0.1768, -0.2434,  0.0934,
        -0.3233,  0.2180,  0.4144, -0.0098, -0.2018, -0.0968,  0.0106, -0.0095],
       device='cuda:0')
tensor([-0.0204, -0.1633, -0.1175,  0.2667,  0.2676, -0.0210, -0.3665, -0.5643,
         0.2087,  0.1008,  0.3788,  0.7925,  0.0226, -0.1109,  0.2019,  0.0102,
        -0.0092,  0.2161,  0.0277, -1.1026,  0.0122, -0.3463, -0.0442, -0.4564,
        -0.6449,  0.2932, -0.4787, -0.1584,  0.0456, -0.0644, -0.3142,  0.8547,
        -0.0849, -0.5705, -0.0403, -0.4970,  0.3363,  0.4649,  0.4156, -0.5315,
         0.1715,  0.1636, -0.1095, -0.1715, -0.6528, -0.3556,  0.1392, -0.0984,
         0.0460, -0.1982,  0.0719, -0.2616,  1.2251, -0.3083,  0.1748,  0.0204,
        -0.7630, -0.2652,  0.1865, -0.1275,  0.0610,  0.4280,  0.1276, -0.3119],
       device='cuda:0')
tensor([-0.0496,  0.0014, -0.0278,  0.1090,  0.2127,  0.1008, -0.0350, -0.0782,
         0.0924, -0.0193,  0.0379,  0.1571, -0.0870,  0.0291, -0.0752,  0.0027,
         0.0813,  0.1708, -0.0498, -0.2118, -0.0231, -0.1661, -0.0174, -0.0749,
        -0.1022,  0.1823, -0.0749, -0.0502,  0.0213, -0.1558, -0.0525,  0.3672,
        -0.0223, -0.1094, -0.1460,  0.0404, -0.0049,  0.0629,  0.0674, -0.1818,
         0.1356,  0.0260,  0.0282,  0.0931, -0.1817, -0.1953, -0.0120,  0.1723,
        -0.0356,  0.0467,  0.0736, -0.0858,  0.1466, -0.0935, -0.1150, -0.0677,
        -0.0970, -0.0329,  0.0493, -0.0529,  0.0615, -0.0543,  0.1341,  0.1058],
       device='cuda:0')
tensor([ 3.0276e-01,  9.2678e-02,  1.1235e-01,  3.4869e-01,  2.1992e-01,
        -4.3578e-02, -4.8782e-01, -4.8021e-01,  2.0354e-01,  1.4588e-01,
         7.4750e-01,  8.5925e-01,  1.4281e-01, -2.2322e-01,  4.7685e-01,
         6.8066e-02,  1.0494e-01,  2.5521e-03, -2.0111e-02, -1.4866e+00,
        -3.4269e-02, -1.5034e-01,  1.4752e-03, -1.6978e-01, -7.7924e-01,
        -1.1549e-01, -4.3811e-01,  9.5990e-02,  2.5075e-01,  1.9963e-01,
        -1.5242e-01,  1.0767e+00, -7.6127e-02, -7.8906e-01,  2.2417e-01,
        -6.6929e-01,  2.7282e-01,  7.7446e-01,  3.7824e-01, -7.8848e-01,
         5.4675e-01,  8.5724e-02, -1.4527e-02,  7.2534e-02, -1.2586e+00,
        -4.1025e-01,  3.9286e-01, -3.8887e-01, -1.9072e-01, -2.7447e-01,
        -2.3186e-01, -2.4820e-01,  1.7421e+00, -1.9602e-01,  9.1717e-02,
         2.1615e-01, -1.2591e+00, -3.4648e-02, -1.2721e-01, -3.0103e-01,
         2.0306e-01,  2.3292e-01,  7.7641e-02, -3.2269e-01], device='cuda:0')
tensor([-0.3222,  0.1531, -0.3667,  0.0753,  0.2881, -0.0888, -0.3562, -0.4166,
         0.2890,  0.1937,  0.3732,  0.2690,  0.1766, -0.0688,  0.2436,  0.0874,
         0.1668,  0.3170,  0.0880, -0.7266,  0.0425, -0.4039,  0.0884, -0.4472,
        -0.3286,  0.1120, -0.6157,  0.0317,  0.0893, -0.0854, -0.3480,  0.9146,
        -0.1841, -0.3516,  0.1628, -0.3347,  0.0808,  0.3782,  0.5843, -0.2972,
        -0.1607, -0.1673, -0.0713,  0.1516, -0.4559, -0.0839,  0.4051, -0.1927,
         0.1424, -0.2804,  0.1751, -0.0467,  0.8820, -0.1996,  0.0588,  0.1128,
        -0.5556, -0.3939, -0.0913, -0.2183,  0.1796,  0.3346, -0.1217, -0.0702],
       device='cuda:0')
tensor([ 0.1790, -0.3948, -0.1224,  0.3052, -0.0618,  0.0080, -0.2806, -0.4960,
         0.3234,  0.1044,  0.1930,  0.4699, -0.0721, -0.0468,  0.2738, -0.2846,
         0.1156,  0.1057,  0.2548, -0.9336,  0.0522, -0.3285, -0.2320, -0.3518,
        -0.4241,  0.2728, -0.0118, -0.2368,  0.0513, -0.1131,  0.2238,  0.6097,
         0.0672, -0.4199, -0.0864, -0.2652,  0.2848,  0.2531,  0.2739, -0.5711,
         0.4238,  0.0566, -0.1105,  0.0296, -0.7114, -0.6202,  0.1435,  0.1256,
        -0.1358,  0.0118,  0.1127, -0.3071,  0.7060, -0.0840, -0.0176, -0.1012,
        -0.6467, -0.0476,  0.2298, -0.0313, -0.1751, -0.0805,  0.2743,  0.1369],
       device='cuda:0')
tensor([ 0.0692,  0.0761, -0.0594,  0.2388,  0.3378, -0.1183, -0.4823, -0.5949,
         0.2119,  0.3635,  0.4482,  0.6405,  0.2281, -0.3853,  0.3256,  0.0541,
         0.1545,  0.1288,  0.1023, -1.2330,  0.0906, -0.1032,  0.1480, -0.4576,
        -0.7977,  0.0345, -0.5722,  0.0216,  0.0738, -0.0217, -0.2381,  0.8895,
         0.0023, -0.6132,  0.3476, -0.6370,  0.3548,  0.4995,  0.4709, -0.6045,
         0.1668,  0.0651, -0.0817,  0.0280, -0.6914, -0.1148,  0.3008, -0.3069,
        -0.0757, -0.3651,  0.2227, -0.1059,  1.3912, -0.0813,  0.2963,  0.1849,
        -0.7799, -0.4068, -0.1087, -0.3598,  0.0302,  0.1565, -0.3187, -0.1999],
       device='cuda:0')
tensor([ 7.7539e-02, -2.7034e-01,  5.5489e-04,  2.4675e-01,  1.3218e-01,
        -5.4737e-02, -1.8297e-01, -3.3019e-01,  3.3648e-01,  6.2833e-02,
         1.2298e-01,  5.8814e-01, -1.5257e-01, -1.4933e-01,  1.7306e-01,
        -1.2804e-01,  2.0688e-02,  2.6608e-01,  9.5809e-02, -8.2304e-01,
         5.3098e-02, -2.5024e-01, -1.0662e-01, -2.7760e-01, -4.8460e-01,
         2.7838e-01, -1.6652e-02, -1.9454e-01, -7.4652e-02, -9.4658e-02,
         7.9769e-02,  5.3831e-01,  7.9709e-03, -2.2942e-01, -1.0853e-01,
        -1.9890e-01,  3.1338e-01,  1.3875e-01,  1.4823e-01, -4.8917e-01,
         3.4976e-01,  2.7021e-01,  1.8914e-02,  5.2200e-02, -6.1097e-01,
        -4.2658e-01, -1.3827e-01,  1.6321e-01, -1.4600e-01,  4.3163e-03,
         1.2647e-01, -2.2432e-01,  6.8435e-01, -1.8223e-01, -1.0284e-01,
         3.6631e-02, -5.0658e-01, -6.2002e-02,  4.2958e-01, -3.0851e-02,
        -6.5674e-02,  3.6360e-02,  1.8015e-01,  8.5631e-02], device='cuda:0')
tensor([-0.0043, -0.2638,  0.0049,  0.3181,  0.1456, -0.0385, -0.1594, -0.3798,
         0.2923,  0.0604,  0.2112,  0.7408, -0.1991, -0.1922,  0.1146, -0.1222,
         0.1249,  0.3144,  0.1788, -0.7706,  0.0083, -0.2146, -0.0767, -0.1268,
        -0.4554,  0.2156, -0.0943, -0.1828,  0.0145, -0.0548, -0.0496,  0.4419,
         0.1126, -0.4102,  0.0276, -0.2209,  0.3843,  0.1300,  0.1302, -0.4509,
         0.3090,  0.1872,  0.0543,  0.0794, -0.6302, -0.3959, -0.2231,  0.1062,
        -0.1451,  0.0541,  0.1941, -0.2411,  0.6277, -0.1745, -0.1476,  0.0319,
        -0.4023,  0.1164,  0.4608, -0.0542, -0.1098, -0.0368,  0.0626,  0.0972],
       device='cuda:0')
tensor([-1.7997e-02, -1.2763e-01, -2.4078e-01,  3.1684e-01,  2.9852e-01,
        -1.4699e-01, -3.3929e-01, -5.9638e-01,  3.0800e-01,  2.2693e-01,
         4.1196e-01,  6.2015e-01,  2.4021e-04, -3.8953e-02,  1.8441e-01,
        -1.2612e-02,  1.5900e-01,  3.7372e-01, -9.3329e-03, -1.1676e+00,
         1.2674e-01, -3.4804e-01, -4.5453e-02, -5.8952e-01, -6.2553e-01,
         2.7674e-01, -3.7436e-01, -1.0072e-01,  2.9459e-02, -1.3387e-01,
        -2.3701e-01,  9.4687e-01, -1.4167e-01, -5.1591e-01,  7.1864e-02,
        -5.9517e-01,  4.1676e-01,  4.2277e-01,  4.3371e-01, -3.9470e-01,
         5.3270e-02,  1.0276e-01, -1.8187e-02,  9.0119e-02, -6.0993e-01,
        -3.3794e-01,  1.7960e-01, -1.7696e-01, -5.5212e-02, -2.4109e-01,
         1.1066e-01, -1.6663e-01,  1.0725e+00, -3.4890e-01,  4.9290e-02,
         6.0350e-02, -7.5220e-01, -4.1501e-01,  1.5715e-01, -2.2039e-01,
         1.3646e-01,  4.8837e-01,  1.5127e-01, -1.5658e-01], device='cuda:0')
tensor([-0.0112, -0.3402,  0.0671,  0.5148,  0.0869, -0.1075, -0.3525, -0.4638,
         0.2755,  0.4113,  0.2749,  0.6865, -0.0146, -0.2858,  0.2984,  0.0382,
         0.1502,  0.3408,  0.3233, -1.0790,  0.1619, -0.2969,  0.0240, -0.2853,
        -0.5631,  0.2155, -0.2210, -0.0344,  0.1539, -0.1273, -0.1772,  0.7936,
         0.0835, -0.5129,  0.2826, -0.4078,  0.3468,  0.3677,  0.4584, -0.7218,
         0.4297,  0.1697, -0.1463,  0.1276, -0.8369, -0.3060,  0.0786, -0.1907,
        -0.1903, -0.2020,  0.2009, -0.2295,  1.0139, -0.1461,  0.0664,  0.1035,
        -0.6844, -0.0900,  0.3711, -0.2673,  0.0784,  0.2266, -0.1032, -0.1189],
       device='cuda:0')
tensor([ 0.1734, -0.2210, -0.0479,  0.3607,  0.2342, -0.1665, -0.4246, -0.6942,
         0.1885,  0.2047,  0.3975,  0.6994,  0.1736, -0.2458,  0.4736, -0.1284,
         0.0211, -0.0095,  0.2971, -1.2637,  0.0434, -0.3451, -0.1308, -0.3013,
        -0.6814, -0.0048, -0.3928, -0.0861,  0.2189, -0.0436,  0.0283,  0.8427,
        -0.0246, -0.7000,  0.3286, -0.6623,  0.3262,  0.5279,  0.5039, -0.6944,
         0.2634,  0.0908, -0.0893, -0.0089, -1.0259, -0.5821,  0.1679, -0.2145,
        -0.1056, -0.2019,  0.1608, -0.3229,  1.2338, -0.1391,  0.0514,  0.1683,
        -0.7881, -0.2321,  0.1157, -0.0889,  0.0279, -0.0097,  0.1357, -0.2508],
       device='cuda:0')
tensor([ 0.1107, -0.3094, -0.0901,  0.4804,  0.1117, -0.0715, -0.2207, -0.4943,
         0.3956,  0.1386,  0.2977,  0.5523, -0.0165, -0.0529,  0.2654, -0.1082,
         0.0431,  0.3377,  0.0157, -1.1136,  0.1058, -0.3867, -0.1577, -0.4802,
        -0.6443,  0.2908, -0.3332, -0.1552,  0.1203, -0.1626, -0.1004,  0.8895,
        -0.0427, -0.5683,  0.0031, -0.5403,  0.3426,  0.3741,  0.3923, -0.6297,
         0.3388,  0.0617, -0.0411,  0.0745, -0.6342, -0.3567,  0.1733, -0.1307,
        -0.1448, -0.0953,  0.0908, -0.1796,  1.1042, -0.1302,  0.1261, -0.1037,
        -0.8455, -0.2788,  0.3511, -0.1455,  0.1009,  0.3385,  0.1407, -0.0410],
       device='cuda:0')
tensor([ 2.3969e-01, -9.9391e-02,  1.1788e-01,  3.2989e-01,  1.5269e-01,
        -1.9556e-01, -5.2829e-01, -5.3370e-01,  1.6153e-01,  1.3582e-01,
         5.7898e-01,  8.9906e-01,  1.5116e-01, -3.0355e-01,  3.8861e-01,
        -5.1168e-02,  2.3771e-02,  7.0899e-03,  4.5807e-02, -1.3811e+00,
        -9.2710e-04, -5.3949e-02, -2.1943e-01, -2.7303e-01, -7.9898e-01,
         3.8820e-02, -3.3744e-01,  2.1627e-02,  2.5348e-01,  1.0500e-01,
        -6.6864e-03,  9.3745e-01,  4.0398e-02, -6.5284e-01, -3.0858e-02,
        -5.0455e-01,  2.8047e-01,  5.6695e-01,  2.9680e-01, -6.5479e-01,
         5.5887e-01,  1.0390e-01,  3.7540e-02, -7.7975e-02, -1.2104e+00,
        -5.0310e-01,  2.6224e-01, -4.2460e-01, -4.2897e-02, -1.6938e-01,
        -1.8609e-01, -3.7148e-01,  1.4915e+00, -3.9698e-01,  2.6498e-02,
         1.2599e-01, -1.1391e+00, -1.5355e-02,  6.3414e-03, -3.4867e-01,
         8.0491e-02,  1.9551e-01,  1.4317e-01, -2.4999e-01], device='cuda:0')
tensor([ 0.1862, -0.1937,  0.2488,  0.4698, -0.0024, -0.1788, -0.3885, -0.5928,
         0.2033,  0.2780,  0.3646,  0.8401,  0.0283, -0.3798,  0.4954,  0.1593,
        -0.1246,  0.0848,  0.1215, -1.3313, -0.0214, -0.2538, -0.0970, -0.0722,
        -0.7588,  0.0636, -0.2761, -0.1025,  0.2408, -0.0852,  0.0726,  0.9883,
         0.0275, -0.7843,  0.4285, -0.5310,  0.2811,  0.5729,  0.3894, -0.8218,
         0.5862,  0.1838, -0.2711, -0.0743, -1.1847, -0.5765,  0.0389, -0.3779,
        -0.1384, -0.1206, -0.0967, -0.2242,  1.5346, -0.2208,  0.0222,  0.2379,
        -0.8842,  0.0302,  0.0605, -0.2298, -0.1479,  0.2376, -0.0514, -0.2530],
       device='cuda:0')
tensor([ 0.0854,  0.0506, -0.1374,  0.2262,  0.3139, -0.1683, -0.3675, -0.6158,
         0.1684,  0.2715,  0.3621,  0.5309,  0.2006, -0.2167,  0.3777, -0.0957,
         0.1637, -0.0305, -0.0744, -1.1611, -0.0037, -0.2645, -0.0046, -0.4035,
        -0.6583,  0.0580, -0.4972, -0.0631,  0.0621, -0.0301, -0.1569,  0.9785,
        -0.2078, -0.6579,  0.2447, -0.6101,  0.1342,  0.5421,  0.4930, -0.6062,
        -0.0760,  0.0483, -0.1140, -0.1102, -0.8246, -0.3271,  0.5494, -0.2211,
        -0.0308, -0.3659,  0.2426, -0.1087,  1.4134, -0.0836,  0.3292,  0.2061,
        -0.7979, -0.3508, -0.2414, -0.1892,  0.0505,  0.1473, -0.0616, -0.3076],
       device='cuda:0')
tensor([ 0.0184, -0.0832, -0.0468,  0.0415,  0.1683, -0.1626, -0.1565, -0.3939,
         0.2692, -0.2070,  0.0823,  0.4357, -0.0893, -0.0112, -0.0019,  0.0464,
         0.0285,  0.2579, -0.0341, -0.4077, -0.0584, -0.2188, -0.2456, -0.1783,
        -0.3237,  0.1054, -0.0605, -0.2221,  0.1454, -0.0296,  0.1366,  0.8549,
         0.0107, -0.2690, -0.3659, -0.1514,  0.0284,  0.3275,  0.1202, -0.2652,
         0.0693,  0.0365, -0.0348, -0.0503, -0.4046, -0.4815,  0.1721,  0.1065,
        -0.0721,  0.1094,  0.0775, -0.2046,  0.5310, -0.1283, -0.0963, -0.1373,
        -0.5724,  0.0036,  0.1820, -0.1612,  0.0987,  0.1868,  0.3402,  0.2826],
       device='cuda:0')
tensor([ 0.0917,  0.0579, -0.0278,  0.2817,  0.1665, -0.0997, -0.4453, -0.4572,
         0.1035,  0.1314,  0.4651,  0.9100,  0.0630, -0.2182,  0.5119,  0.1864,
         0.0915,  0.2565, -0.0256, -1.1686,  0.0528, -0.2590,  0.0135, -0.3620,
        -0.6576, -0.0303, -0.5010, -0.1789,  0.1911,  0.0492, -0.3152,  0.9718,
        -0.0527, -0.5890,  0.2503, -0.4888,  0.2874,  0.6175,  0.4245, -0.7191,
         0.4026,  0.0581, -0.1379, -0.0496, -1.0208, -0.4059,  0.3278, -0.3998,
        -0.0996, -0.3151,  0.0629, -0.1848,  1.4753, -0.2585,  0.1112,  0.1215,
        -0.9356, -0.2437,  0.0080, -0.3322,  0.0828,  0.2361, -0.0838, -0.2860],
       device='cuda:0')
tensor([-0.0578, -0.0178, -0.1691,  0.0660,  0.2351,  0.1363, -0.0947, -0.1180,
         0.1220, -0.0465,  0.0144,  0.3017, -0.1215, -0.0568, -0.1090, -0.0438,
         0.1224,  0.1608, -0.0038, -0.3630, -0.0603, -0.2217, -0.0751, -0.0889,
        -0.1349,  0.2106, -0.1454, -0.0719, -0.0216, -0.1423, -0.0533,  0.4823,
        -0.0665, -0.1360, -0.2529,  0.0163, -0.0131,  0.0832,  0.1047, -0.2220,
         0.0848,  0.0785,  0.0061,  0.0024, -0.2287, -0.2309,  0.0539,  0.2112,
         0.0165,  0.0701,  0.2016, -0.0750,  0.3239, -0.1157, -0.1570, -0.0282,
        -0.1864, -0.0423,  0.1059,  0.0025,  0.0226, -0.0646,  0.1994,  0.1289],
       device='cuda:0')
tensor([ 0.0910, -0.1755,  0.0102,  0.4296,  0.0055,  0.0440, -0.3704, -0.5693,
         0.1461, -0.0870,  0.5237,  0.8911, -0.0762, -0.1334,  0.4546, -0.1437,
        -0.0026,  0.2772,  0.1928, -1.1837,  0.0035, -0.3639, -0.1270, -0.3589,
        -0.7787,  0.1939, -0.0650, -0.2720,  0.1177, -0.0698,  0.0892,  0.8572,
         0.0448, -0.6164,  0.1409, -0.4591,  0.3601,  0.5770,  0.3111, -0.6726,
         0.5761,  0.2815, -0.0728, -0.2585, -1.0456, -0.5552,  0.1718, -0.0857,
        -0.1540, -0.1827,  0.0906, -0.2957,  1.1420, -0.3672, -0.0823,  0.0426,
        -0.9396,  0.0441,  0.3219, -0.2143, -0.0347,  0.3364,  0.2006, -0.0533],
       device='cuda:0')
tensor([ 0.0240, -0.0967, -0.1302,  0.1073,  0.2039, -0.1067, -0.0600, -0.2869,
         0.2630, -0.1233,  0.0195,  0.3394, -0.0658,  0.0798, -0.0408,  0.0144,
        -0.0081,  0.2333, -0.0474, -0.4308,  0.0056, -0.3816, -0.1992, -0.2602,
        -0.1599,  0.2827, -0.0682, -0.1717, -0.0132, -0.1970,  0.0694,  0.6336,
         0.0307, -0.3235, -0.4046, -0.0998,  0.1073,  0.1431,  0.1308, -0.2538,
        -0.0386,  0.1857, -0.0559,  0.0102, -0.2445, -0.3771,  0.1270,  0.2307,
        -0.0411,  0.0775,  0.0520, -0.2201,  0.4119, -0.1409,  0.0148, -0.0834,
        -0.4312, -0.1344,  0.1869,  0.1424, -0.0143,  0.1540,  0.3223,  0.1452],
       device='cuda:0')
tensor([ 0.1316, -0.2883, -0.1590,  0.2177,  0.0670, -0.0951, -0.1550, -0.4816,
         0.3503,  0.0255,  0.1075,  0.3322, -0.0295,  0.0199,  0.2216, -0.2173,
         0.0655,  0.0438,  0.0598, -0.7247,  0.0062, -0.2921, -0.1630, -0.3948,
        -0.3674,  0.1842, -0.0751, -0.2339, -0.0149, -0.0759,  0.1219,  0.6645,
         0.0201, -0.4196, -0.1571, -0.2626,  0.2112,  0.1663,  0.2402, -0.5096,
         0.1510,  0.0311, -0.0727,  0.0346, -0.4806, -0.5789,  0.1490,  0.1579,
        -0.1170,  0.0424,  0.1019, -0.2588,  0.5842, -0.0812, -0.0084, -0.1320,
        -0.5951, -0.1100,  0.1957, -0.1309, -0.1001, -0.0157,  0.2889,  0.1314],
       device='cuda:0')
tensor([ 0.1626, -0.3906, -0.0716,  0.4516, -0.0554, -0.0915, -0.3216, -0.3543,
         0.3237,  0.0749,  0.2366,  0.7202, -0.1902, -0.1413,  0.3030, -0.0918,
         0.1424,  0.3587,  0.2829, -1.0267,  0.0157, -0.3818, -0.2290, -0.1024,
        -0.5541,  0.1869, -0.0029, -0.2176,  0.0048, -0.0306,  0.2243,  0.6717,
         0.1369, -0.4378,  0.1838, -0.2420,  0.4004,  0.3134,  0.3020, -0.6675,
         0.6168,  0.2493, -0.0907,  0.0129, -0.9312, -0.4813, -0.1015,  0.0120,
        -0.2619, -0.0743,  0.1805, -0.3464,  0.7690, -0.2037, -0.1193,  0.0433,
        -0.6675,  0.0442,  0.4362,  0.0542, -0.2540,  0.0285,  0.1868,  0.0996],
       device='cuda:0')
tensor([-0.0532,  0.0583, -0.1869,  0.1228,  0.3847, -0.4464, -0.3119, -0.5905,
         0.3289, -0.1098,  0.3377,  0.4163,  0.1410,  0.0596,  0.2765,  0.0467,
         0.0916,  0.1842, -0.1444, -0.8008,  0.1399, -0.2925, -0.2594, -0.4603,
        -0.5744,  0.0059, -0.5566, -0.0582,  0.0542, -0.1928, -0.0479,  1.1307,
        -0.0999, -0.3279, -0.1417, -0.4171,  0.0598,  0.3609,  0.2890, -0.3760,
        -0.0895,  0.0702,  0.1090,  0.0027, -0.5226, -0.5101,  0.4717, -0.1458,
        -0.0202, -0.2442,  0.0610, -0.1280,  0.9742, -0.2749,  0.0155, -0.0068,
        -0.8787, -0.2793, -0.1606, -0.2504,  0.1747,  0.2995,  0.1745, -0.0470],
       device='cuda:0')
tensor([-0.2273,  0.0295, -0.0844,  0.1942,  0.0361,  0.0603, -0.5868, -0.3773,
         0.3144, -0.0967,  0.6761,  0.8836, -0.0071,  0.1040,  0.4909,  0.0597,
         0.0764,  0.3316, -0.0062, -1.1994,  0.0060, -0.2391,  0.0928, -0.1193,
        -0.8762, -0.0634, -0.1519,  0.1006,  0.1830,  0.2174, -0.1729,  1.0928,
         0.0643, -0.7880,  0.2123, -0.3316,  0.3760,  0.6590,  0.4302, -0.6813,
         0.7528, -0.0363, -0.2225, -0.0363, -0.9446, -0.2466,  0.2960, -0.3254,
        -0.1045, -0.1447, -0.2230, -0.1914,  1.4074, -0.3303, -0.0553,  0.0494,
        -1.1094,  0.1363,  0.1312, -0.4767,  0.0534,  0.2898,  0.1625, -0.1517],
       device='cuda:0')
tensor([ 0.0725, -0.2272, -0.3667,  0.2391,  0.2005, -0.2073, -0.3428, -0.7231,
         0.2942,  0.1410,  0.3657,  0.4274,  0.3157, -0.1195,  0.4308, -0.1213,
         0.2172,  0.0579,  0.0800, -1.0159,  0.1760, -0.3387, -0.1633, -0.5562,
        -0.4979,  0.0903, -0.4648, -0.0552,  0.1462, -0.1075, -0.0538,  0.9353,
        -0.1699, -0.4875,  0.1208, -0.5262,  0.2192,  0.4009,  0.4898, -0.4738,
         0.0201, -0.1213, -0.1076,  0.0116, -0.7275, -0.6100,  0.2902, -0.1157,
         0.1152, -0.0856,  0.1578, -0.2092,  1.0656, -0.0926,  0.0667, -0.0190,
        -0.8975, -0.3814,  0.0015, -0.2132,  0.0334,  0.2111,  0.1340, -0.1605],
       device='cuda:0')
tensor([-9.1936e-02,  4.1340e-03, -1.3945e-01,  1.1999e-01,  2.4397e-01,
        -5.5261e-02, -5.5196e-01, -4.3866e-01,  2.8367e-01, -1.7955e-01,
         7.2834e-01,  7.0682e-01, -1.1108e-02,  1.3318e-01,  4.0732e-01,
         6.4599e-02,  1.5224e-01,  3.6729e-01, -1.3968e-01, -1.0459e+00,
         1.6339e-01, -3.2347e-01,  4.9925e-02, -2.9548e-01, -7.8576e-01,
         9.3180e-04, -3.1639e-01,  7.2206e-03,  2.7590e-01,  1.8018e-01,
        -1.9390e-01,  1.0465e+00, -1.8844e-02, -7.1695e-01,  6.9527e-02,
        -4.2943e-01,  1.2658e-01,  6.5732e-01,  4.2448e-01, -5.9845e-01,
         4.7442e-01,  9.0816e-03, -1.1357e-01, -6.6864e-02, -8.1755e-01,
        -3.1158e-01,  3.6752e-01, -2.6802e-01, -9.9408e-02, -2.3249e-01,
        -2.4296e-01, -1.2998e-01,  1.2902e+00, -3.0546e-01, -3.5937e-02,
        -1.1464e-02, -1.0902e+00,  9.0164e-03,  5.5714e-02, -4.2560e-01,
         1.8814e-01,  4.3088e-01,  2.2535e-01,  1.8794e-02], device='cuda:0')
tensor([-0.2026,  0.1082, -0.4129,  0.1408,  0.4026, -0.2863, -0.2784, -0.5279,
         0.3997,  0.0696,  0.4443,  0.4355,  0.1471,  0.0672,  0.1788,  0.1100,
         0.1539,  0.3521, -0.0324, -0.8144,  0.1100, -0.4674, -0.0409, -0.5527,
        -0.5078,  0.1778, -0.5407, -0.0877,  0.1329, -0.1401, -0.2611,  1.0272,
        -0.0987, -0.4218, -0.0088, -0.4036,  0.1516,  0.4484,  0.5168, -0.3413,
        -0.1986, -0.0212, -0.0144,  0.0494, -0.3859, -0.2164,  0.4498, -0.2059,
         0.1095, -0.2332,  0.1108, -0.1147,  1.0438, -0.1453,  0.1526,  0.0150,
        -0.6984, -0.6206, -0.0070, -0.0639,  0.2116,  0.4167,  0.0567, -0.0419],
       device='cuda:0')
tensor([ 0.2089, -0.1411,  0.2431,  0.3987,  0.1671, -0.1770, -0.5105, -0.5126,
         0.1446,  0.0781,  0.4313,  0.9245,  0.0335, -0.1516,  0.6703,  0.0831,
        -0.0212,  0.0783, -0.0268, -1.3749, -0.0469, -0.1128, -0.2532, -0.1489,
        -0.8218, -0.1671, -0.3872, -0.0474,  0.2424,  0.1043,  0.1414,  1.0441,
         0.2119, -0.6907,  0.2204, -0.5115,  0.3428,  0.6235,  0.3637, -0.8040,
         0.6870,  0.1814, -0.0306, -0.2069, -1.2759, -0.5996,  0.2196, -0.2202,
        -0.1519, -0.1207, -0.1087, -0.3140,  1.5580, -0.3647, -0.0280,  0.1500,
        -1.0429,  0.1740,  0.1288, -0.2704,  0.0472,  0.1726, -0.0048, -0.2658],
       device='cuda:0')
tensor([-0.1738, -0.0771, -0.3321, -0.0725,  0.1593, -0.0439, -0.1167, -0.4654,
         0.2037, -0.0776,  0.1701,  0.2603,  0.1426,  0.0582,  0.0841, -0.3163,
        -0.0030,  0.0587,  0.0702, -0.4429,  0.0802, -0.2605, -0.1223, -0.3430,
        -0.2904,  0.0295, -0.4115, -0.1074,  0.0278, -0.0958, -0.0898,  0.3972,
         0.0451, -0.3101, -0.0097, -0.3863,  0.2161,  0.2042,  0.1662, -0.0540,
        -0.3109, -0.0262,  0.0144, -0.1266, -0.2319, -0.2884,  0.2076, -0.0551,
         0.0973, -0.1086,  0.0964,  0.0426,  0.4830, -0.1112, -0.0801, -0.0185,
        -0.4017, -0.1501,  0.0487, -0.0456, -0.0214,  0.1709,  0.1426,  0.0481],
       device='cuda:0')
tensor([ 9.1966e-03, -6.5354e-02, -1.3040e-01,  1.4979e-01,  2.9126e-01,
        -2.2885e-02, -3.5049e-01, -6.1985e-01,  2.9423e-01, -1.2519e-02,
         6.1467e-01,  8.0383e-01,  1.6900e-02,  1.3280e-01,  3.1756e-01,
         7.7722e-04,  1.6555e-01,  3.6604e-01,  6.4599e-02, -1.0302e+00,
         1.3729e-01, -3.3658e-01,  1.0579e-01, -4.7473e-01, -7.0020e-01,
         2.4543e-01, -3.9552e-01, -1.7369e-01,  8.2953e-02,  1.8687e-02,
        -2.5599e-01,  8.6247e-01, -9.2255e-03, -4.6286e-01,  2.9635e-02,
        -5.7271e-01,  3.5740e-01,  4.8278e-01,  4.6317e-01, -5.5195e-01,
         2.2900e-01,  2.1927e-01, -1.4982e-01, -1.0313e-01, -5.9544e-01,
        -3.6565e-01,  1.8522e-01, -1.0011e-01, -9.4419e-02, -2.8939e-01,
        -8.6448e-02, -3.5633e-01,  1.1792e+00, -4.9021e-01,  1.8687e-01,
         4.1657e-02, -8.1523e-01, -1.4845e-01,  1.2503e-01, -1.7810e-01,
         1.2408e-01,  2.8321e-01,  1.9338e-01, -1.8164e-01], device='cuda:0')
tensor([ 0.0606,  0.3007,  0.0628,  0.1871,  0.1544,  0.1223, -0.5927, -0.4405,
         0.1687, -0.0362,  0.8570,  0.9623, -0.0942, -0.2006,  0.6830,  0.1668,
         0.0688,  0.0560, -0.0803, -1.3082, -0.1037, -0.1999,  0.2215, -0.2036,
        -1.0471, -0.3172, -0.5008,  0.1061,  0.4014,  0.4166, -0.1989,  0.9466,
         0.0725, -0.7721,  0.3643, -0.5435,  0.1336,  0.6830,  0.4745, -0.7030,
         0.4925,  0.0940, -0.2177, -0.1759, -1.1237, -0.3926,  0.3554, -0.4913,
        -0.0713, -0.3172, -0.3461, -0.2222,  1.7739, -0.3614,  0.1403,  0.2659,
        -1.1444, -0.0429, -0.2783, -0.3151,  0.2935,  0.2790,  0.0126, -0.4719],
       device='cuda:0')
tensor([-0.0496,  0.0014, -0.0278,  0.1090,  0.2127,  0.1008, -0.0350, -0.0782,
         0.0924, -0.0193,  0.0379,  0.1571, -0.0870,  0.0291, -0.0752,  0.0027,
         0.0813,  0.1708, -0.0498, -0.2118, -0.0231, -0.1661, -0.0174, -0.0749,
        -0.1022,  0.1823, -0.0749, -0.0502,  0.0213, -0.1558, -0.0525,  0.3672,
        -0.0223, -0.1094, -0.1460,  0.0404, -0.0049,  0.0629,  0.0674, -0.1818,
         0.1356,  0.0260,  0.0282,  0.0931, -0.1817, -0.1953, -0.0120,  0.1723,
        -0.0356,  0.0467,  0.0736, -0.0858,  0.1466, -0.0935, -0.1150, -0.0677,
        -0.0970, -0.0329,  0.0493, -0.0529,  0.0615, -0.0543,  0.1341,  0.1058],
       device='cuda:0')
tensor([-0.0208, -0.0865,  0.1179,  0.2670,  0.0402, -0.0548, -0.4954, -0.4363,
         0.4284, -0.0065,  0.7563,  0.8767, -0.0496, -0.1006,  0.5410, -0.0271,
         0.2222,  0.3804,  0.1736, -1.2781,  0.0124, -0.1602,  0.0946, -0.1532,
        -0.8083, -0.0684, -0.3007, -0.0383,  0.2048,  0.2026, -0.1762,  0.9762,
         0.2037, -0.7051,  0.2815, -0.4564,  0.4098,  0.7459,  0.4798, -0.8037,
         0.7524,  0.0754, -0.1173, -0.0697, -1.1212, -0.3433,  0.3648, -0.4056,
        -0.0727, -0.1633, -0.1373, -0.3301,  1.4505, -0.4315, -0.0172,  0.1782,
        -1.0662, -0.0069,  0.1388, -0.4418,  0.1005,  0.3825,  0.0339, -0.1700],
       device='cuda:0')
tensor([-0.2724,  0.1998, -0.3474,  0.1214,  0.2925, -0.1498, -0.3996, -0.4370,
         0.2959,  0.1753,  0.3628,  0.2037,  0.2375, -0.0608,  0.2776,  0.1616,
         0.2076,  0.2646,  0.0162, -0.6862,  0.0439, -0.2740,  0.1084, -0.4401,
        -0.2784,  0.0464, -0.5129, -0.0112,  0.1109, -0.1009, -0.2481,  0.8850,
        -0.1474, -0.3698,  0.3095, -0.4556,  0.0395,  0.3890,  0.5160, -0.2771,
        -0.1517, -0.2269, -0.0985,  0.2592, -0.3567,  0.1186,  0.4740, -0.2782,
         0.1192, -0.3588,  0.1447,  0.0105,  0.7707, -0.2165,  0.0964,  0.0742,
        -0.4299, -0.5101, -0.1522, -0.3127,  0.2382,  0.2967, -0.1603, -0.0937],
       device='cuda:0')
tensor([-0.0755,  0.0525, -0.3832,  0.1208,  0.2630, -0.3202, -0.2350, -0.5060,
         0.3098,  0.0462,  0.1277,  0.2350,  0.2366,  0.0062,  0.1553, -0.1106,
         0.2453,  0.0971, -0.0727, -0.7815,  0.1356, -0.3296, -0.2262, -0.3963,
        -0.3758,  0.0804, -0.5907, -0.0534, -0.0015, -0.0964, -0.1911,  0.8516,
        -0.0816, -0.3944,  0.1182, -0.5044,  0.1214,  0.3184,  0.4514, -0.1159,
        -0.3679, -0.1304,  0.0844, -0.0680, -0.2686, -0.1569,  0.5593, -0.2211,
         0.1129, -0.2692,  0.3015, -0.1135,  0.7878, -0.0238,  0.1767,  0.0851,
        -0.5621, -0.3915, -0.1211, -0.1000,  0.0735,  0.2218,  0.0513, -0.0874],
       device='cuda:0')
tensor([-0.1894, -0.0189, -0.4581, -0.0276,  0.2016, -0.0407, -0.3080, -0.4534,
         0.2966, -0.1034,  0.4165,  0.3654,  0.0495,  0.0812,  0.0552, -0.0483,
         0.1110,  0.2414,  0.0773, -0.5661,  0.0885, -0.3367,  0.0081, -0.4071,
        -0.2503,  0.1807, -0.3873, -0.1029,  0.0058, -0.1046, -0.1254,  0.8111,
        -0.0261, -0.2737,  0.0454, -0.2248,  0.0916,  0.2159,  0.2949, -0.2538,
        -0.1249,  0.0525, -0.2103, -0.0365, -0.2959, -0.2483,  0.2325,  0.0080,
         0.1683, -0.2568,  0.0788, -0.0282,  0.6901, -0.3149, -0.0845,  0.0487,
        -0.5535, -0.3368,  0.0371, -0.1009,  0.1657,  0.3423,  0.2034,  0.0154],
       device='cuda:0')
tensor([-0.2432,  0.1211, -0.3700,  0.0330,  0.2103, -0.2050, -0.2810, -0.3270,
         0.1663,  0.1857,  0.2630, -0.0058,  0.3053, -0.1430,  0.2152,  0.0486,
         0.2240,  0.0560,  0.0598, -0.6199,  0.1492, -0.1634,  0.1447, -0.3967,
        -0.2991,  0.0096, -0.5054,  0.1309,  0.0241, -0.0322, -0.2973,  0.7218,
        -0.1721, -0.3037,  0.3590, -0.3117,  0.0471,  0.3310,  0.4252, -0.0933,
        -0.2146, -0.1690,  0.0110,  0.1498, -0.3158,  0.0981,  0.4091, -0.3298,
         0.0410, -0.3366,  0.2741, -0.0042,  0.6551, -0.1916,  0.0552,  0.2008,
        -0.3450, -0.4114, -0.2305, -0.2800,  0.1158,  0.1962, -0.2347, -0.1518],
       device='cuda:0')
tensor([ 9.9308e-02,  1.3273e-01,  1.4600e-01,  2.3085e-01,  1.2657e-01,
         4.5391e-02, -4.9016e-01, -5.9584e-01,  3.3678e-01, -8.6451e-02,
         5.4238e-01,  7.6488e-01, -5.3931e-02, -1.3591e-01,  3.4635e-01,
         1.2295e-01,  1.5907e-01,  2.3999e-01, -8.7952e-02, -1.1301e+00,
         9.7119e-02, -1.2725e-01, -9.8105e-02, -2.5360e-01, -7.4530e-01,
         1.3686e-03, -4.1766e-01, -1.0179e-01, -1.2515e-02,  2.2321e-02,
        -1.9135e-01,  9.5826e-01,  7.9570e-03, -7.4155e-01, -1.6457e-02,
        -4.1677e-01,  6.4367e-02,  7.8264e-01,  4.5452e-01, -5.0330e-01,
         3.1748e-01, -6.9325e-02, -1.1253e-01, -1.5709e-01, -9.5805e-01,
        -4.2412e-01,  4.1826e-01, -2.9942e-01, -7.6982e-02, -3.3900e-01,
        -1.0285e-01, -2.7950e-01,  1.4171e+00, -1.2589e-01,  1.0972e-01,
         1.0953e-01, -1.0759e+00, -1.3722e-01,  3.0355e-02, -3.6802e-01,
         1.0646e-01,  1.2797e-01,  2.4363e-01, -1.2502e-01], device='cuda:0')
tensor([ 0.1009, -0.2533,  0.1330,  0.3239, -0.0030, -0.1920, -0.4138, -0.2694,
         0.2621, -0.2722,  0.5680,  0.9249, -0.2186, -0.1119,  0.4655, -0.1812,
         0.0123,  0.3264,  0.2154, -1.0890, -0.0669, -0.2257, -0.1027, -0.0041,
        -0.7883,  0.0564,  0.0045, -0.1421,  0.2045,  0.1876,  0.2065,  0.7482,
         0.1702, -0.5766,  0.0889, -0.2199,  0.4766,  0.4044,  0.1872, -0.7975,
         0.7633,  0.3164, -0.0686,  0.0255, -1.1422, -0.4680,  0.0317, -0.1501,
        -0.2588, -0.0114, -0.1372, -0.3593,  0.9991, -0.2939, -0.0811,  0.0662,
        -0.9322,  0.2439,  0.3711, -0.1882, -0.0779,  0.1060,  0.3065,  0.1671],
       device='cuda:0')
tensor([-0.0008, -0.0459, -0.0588,  0.0135,  0.1305, -0.1194,  0.0322, -0.2786,
         0.2075,  0.0239, -0.0372,  0.2038, -0.0336, -0.0123,  0.0099, -0.1839,
        -0.0157,  0.0271,  0.0203, -0.2936, -0.0028, -0.1545, -0.1504, -0.1082,
        -0.2053,  0.0659, -0.1295, -0.1545, -0.0225, -0.0384, -0.0109,  0.2069,
         0.0255, -0.1960, -0.1723, -0.2341,  0.0835,  0.0132,  0.0347, -0.0780,
        -0.3088,  0.0985, -0.0431, -0.0842, -0.1833, -0.2798,  0.1049,  0.1251,
         0.0593,  0.0833,  0.0735, -0.1058,  0.2696, -0.0241,  0.0398,  0.0507,
        -0.1570, -0.0265,  0.1263,  0.0857, -0.0426,  0.0151,  0.0651,  0.1439],
       device='cuda:0')
tensor([-0.2084,  0.0115, -0.3434, -0.0220,  0.1086, -0.0483, -0.1446, -0.3672,
         0.2434,  0.0014,  0.2193,  0.1636,  0.1256,  0.0846,  0.0992, -0.2527,
         0.0282,  0.0252,  0.1194, -0.3596, -0.0026, -0.2376, -0.0786, -0.1903,
        -0.2898,  0.0544, -0.4574, -0.0723, -0.0356,  0.0481, -0.1286,  0.4033,
         0.0217, -0.1878,  0.0532, -0.2568,  0.1310,  0.0799,  0.1697, -0.1257,
        -0.3067, -0.0122, -0.1701, -0.1380, -0.1619, -0.2635,  0.1747, -0.1248,
         0.1868, -0.0997,  0.1434,  0.0143,  0.3910, -0.1523, -0.0284,  0.0807,
        -0.3248, -0.1412, -0.0719, -0.1594, -0.0642,  0.1024, -0.0026,  0.0142],
       device='cuda:0')
tensor([-0.1592, -0.1470, -0.0572,  0.1913,  0.0382,  0.0739, -0.5731, -0.4417,
         0.2934, -0.2872,  0.5645,  0.9107, -0.0147,  0.1521,  0.4243, -0.0805,
         0.0125,  0.1898,  0.1294, -1.0622, -0.0093, -0.3360, -0.0239, -0.1593,
        -0.8348,  0.0042, -0.1234, -0.1060,  0.2455,  0.2256, -0.0426,  0.8447,
         0.2114, -0.6762,  0.2124, -0.3052,  0.4083,  0.5676,  0.2957, -0.8409,
         0.8003,  0.0448, -0.0520, -0.0732, -1.0991, -0.5113,  0.1175, -0.1196,
        -0.2118, -0.0698, -0.1750, -0.2189,  1.1794, -0.3618, -0.1093, -0.1410,
        -1.0720,  0.1892,  0.2387, -0.2464, -0.0052,  0.1631,  0.0559, -0.0020],
       device='cuda:0')
tensor([ 0.0171, -0.0721, -0.1231,  0.1065,  0.2403, -0.0953, -0.0525, -0.2858,
         0.2765, -0.0650,  0.0407,  0.3554, -0.0893,  0.0264, -0.0162, -0.0215,
         0.0094,  0.2391, -0.0706, -0.4385, -0.0193, -0.2938, -0.1671, -0.2512,
        -0.2146,  0.1900, -0.0963, -0.1848,  0.0737, -0.1489,  0.0707,  0.6882,
         0.0303, -0.2774, -0.3530, -0.0510,  0.0387,  0.1500,  0.0981, -0.3184,
        -0.0363,  0.1458, -0.0554,  0.0050, -0.2849, -0.3793,  0.1078,  0.1937,
        -0.0502,  0.0840,  0.1002, -0.1995,  0.4183, -0.1453, -0.0281, -0.0787,
        -0.3664, -0.1451,  0.1726,  0.0645,  0.0676,  0.1862,  0.3232,  0.1425],
       device='cuda:0')
tensor([ 0.1030,  0.1043,  0.1855,  0.2817,  0.2494, -0.0226, -0.5459, -0.6053,
         0.0848,  0.0616,  0.5216,  0.9274, -0.1484, -0.1715,  0.5191,  0.1012,
         0.0686,  0.1119, -0.2441, -1.3220,  0.0722, -0.2222,  0.0110, -0.3252,
        -0.9829, -0.0566, -0.3801, -0.0786,  0.2897,  0.0538, -0.1995,  0.8694,
        -0.0795, -0.7839,  0.1499, -0.4803,  0.2706,  0.7129,  0.3146, -0.7509,
         0.5950,  0.1486, -0.2127, -0.1548, -1.1338, -0.5668,  0.3263, -0.2889,
        -0.1879, -0.2034, -0.0956, -0.3347,  1.6947, -0.1992,  0.0676,  0.0818,
        -1.0954, -0.0682, -0.0616, -0.3911,  0.0963,  0.2590,  0.0794, -0.2456],
       device='cuda:0')
tensor([-0.1683,  0.0860, -0.4950,  0.0551,  0.2934, -0.3012, -0.2589, -0.5201,
         0.2615,  0.1089,  0.2727,  0.1717,  0.2711, -0.0391,  0.2538, -0.0490,
         0.2064,  0.0281,  0.0285, -0.7326,  0.1586, -0.3208, -0.0840, -0.4984,
        -0.4418,  0.0239, -0.5758, -0.0061,  0.0052, -0.0802, -0.2287,  0.7735,
        -0.0592, -0.3795,  0.2189, -0.4991,  0.0854,  0.3528,  0.4281, -0.1595,
        -0.4842, -0.0960,  0.0505,  0.0173, -0.3421, -0.0833,  0.5105, -0.2875,
         0.1330, -0.2698,  0.2668, -0.0291,  0.8678, -0.0536,  0.1645,  0.1611,
        -0.5225, -0.4398, -0.1415, -0.1360,  0.1216,  0.2600, -0.0756, -0.0713],
       device='cuda:0')
tensor([ 0.1061, -0.3798,  0.0232,  0.4001,  0.0468, -0.0173, -0.2668, -0.4498,
         0.3639,  0.0564,  0.3041,  0.8185, -0.1880, -0.1203,  0.2859, -0.0679,
         0.1130,  0.3900,  0.3160, -0.9791,  0.0537, -0.3000, -0.0605, -0.1947,
        -0.4734,  0.2729, -0.0680, -0.1426,  0.0682, -0.1306,  0.0950,  0.8222,
         0.1509, -0.4758,  0.2135, -0.3144,  0.3522,  0.2760,  0.3487, -0.7350,
         0.3647,  0.2029, -0.1457,  0.0206, -0.7801, -0.4596, -0.1059,  0.0923,
        -0.2878, -0.0483,  0.1225, -0.3416,  0.8934, -0.2693, -0.0274,  0.0557,
        -0.5248, -0.0127,  0.4416,  0.0181, -0.0430,  0.1047,  0.0480,  0.0199],
       device='cuda:0')
tensor([-0.0008, -0.0459, -0.0588,  0.0135,  0.1305, -0.1194,  0.0322, -0.2786,
         0.2075,  0.0239, -0.0372,  0.2038, -0.0336, -0.0123,  0.0099, -0.1839,
        -0.0157,  0.0271,  0.0203, -0.2936, -0.0028, -0.1545, -0.1504, -0.1082,
        -0.2053,  0.0659, -0.1295, -0.1545, -0.0225, -0.0384, -0.0109,  0.2069,
         0.0255, -0.1960, -0.1723, -0.2341,  0.0835,  0.0132,  0.0347, -0.0780,
        -0.3088,  0.0985, -0.0431, -0.0842, -0.1833, -0.2798,  0.1049,  0.1251,
         0.0593,  0.0833,  0.0735, -0.1058,  0.2696, -0.0241,  0.0398,  0.0507,
        -0.1570, -0.0265,  0.1263,  0.0857, -0.0426,  0.0151,  0.0651,  0.1439],
       device='cuda:0')
tensor([-0.1356, -0.0220, -0.4123,  0.0588,  0.2513, -0.2288, -0.2302, -0.4847,
         0.2556,  0.0374,  0.1903,  0.0739,  0.1835,  0.0011,  0.2495, -0.2148,
         0.1033,  0.0181, -0.0172, -0.6180,  0.0987, -0.3287, -0.1997, -0.2723,
        -0.4458,  0.1155, -0.6125, -0.0678,  0.0485, -0.0847, -0.1163,  0.7031,
        -0.0127, -0.2826,  0.1299, -0.4729,  0.1116,  0.3019,  0.3145, -0.1640,
        -0.4387, -0.0903,  0.0417, -0.0514, -0.3178, -0.2066,  0.4319, -0.2914,
         0.0761, -0.2629,  0.1581, -0.1419,  0.6780, -0.1370,  0.1041,  0.0555,
        -0.5304, -0.3199, -0.0590, -0.1460,  0.1646,  0.1928,  0.0372,  0.0092],
       device='cuda:0')
tensor([ 0.0271, -0.2185, -0.3519,  0.2914,  0.2976, -0.2804, -0.2575, -0.6750,
         0.3383,  0.1524,  0.1882,  0.1884,  0.2803, -0.0557,  0.4380, -0.1553,
         0.1543,  0.0409,  0.0051, -1.0650,  0.1665, -0.3198, -0.1539, -0.5678,
        -0.5403,  0.1165, -0.4473, -0.0813,  0.0725, -0.1227, -0.1021,  0.9232,
        -0.1887, -0.5252,  0.1021, -0.5751,  0.2381,  0.4598,  0.5508, -0.3490,
        -0.1309, -0.1441, -0.0526,  0.0450, -0.5930, -0.4424,  0.4155, -0.2550,
         0.0043, -0.1598,  0.2243, -0.1020,  1.0378, -0.0597,  0.1403,  0.0177,
        -0.8424, -0.3970, -0.0113, -0.2024,  0.1070,  0.2187,  0.0917, -0.2384],
       device='cuda:0')
tensor([ 0.2842, -0.1055,  0.1731,  0.3429,  0.0607, -0.0501, -0.6007, -0.4505,
         0.1753,  0.0502,  0.6455,  0.9915,  0.0518, -0.1308,  0.6658,  0.1040,
        -0.0164,  0.0356,  0.1981, -1.3149, -0.1809, -0.1739, -0.1764, -0.0988,
        -0.7920, -0.1520, -0.3700, -0.0472,  0.3656,  0.2017,  0.0615,  0.9131,
         0.2394, -0.8489,  0.3390, -0.5721,  0.4446,  0.8748,  0.2398, -0.8329,
         0.8128,  0.2366, -0.1257, -0.2041, -1.3656, -0.5611,  0.1288, -0.3124,
        -0.3573, -0.3503, -0.1850, -0.3630,  1.6529, -0.3099,  0.0409,  0.0480,
        -1.1517,  0.1835,  0.2261, -0.2567,  0.0746,  0.1560,  0.0954, -0.1668],
       device='cuda:0')
tensor([-0.1236, -0.0825, -0.1431,  0.2751,  0.1620, -0.2454, -0.4537, -0.4076,
         0.2856,  0.3313,  0.4358,  0.3416,  0.1514, -0.1527,  0.3944,  0.1410,
         0.0773,  0.2927,  0.1389, -1.0175,  0.0754, -0.2036,  0.1397, -0.5111,
        -0.5529,  0.0968, -0.4373,  0.0284,  0.0096,  0.0229, -0.2318,  0.8055,
        -0.0927, -0.4756,  0.3869, -0.5331,  0.3418,  0.4911,  0.4915, -0.4358,
         0.2030, -0.1045, -0.1102,  0.2055, -0.5690,  0.0356,  0.2184, -0.3983,
        -0.0717, -0.3167,  0.1578, -0.0047,  1.0435, -0.2112,  0.0521,  0.0811,
        -0.6918, -0.4016,  0.0061, -0.3792,  0.0453,  0.1626, -0.3078, -0.2292],
       device='cuda:0')
tensor([ 0.3988,  0.0350,  0.4498,  0.3824, -0.0263,  0.1418, -0.3644, -0.2513,
         0.0959,  0.2749,  0.6239,  1.0851, -0.1894, -0.4719,  0.6443,  0.3003,
        -0.0222,  0.1815,  0.1965, -1.0979, -0.1827, -0.3229,  0.1868,  0.0988,
        -0.7810, -0.0726, -0.2665, -0.1004,  0.2670,  0.2717, -0.1006,  0.8330,
         0.1420, -0.6937,  0.4823, -0.5514,  0.2338,  0.5747,  0.2636, -0.9589,
         0.8780,  0.1574, -0.1964, -0.1976, -1.1211, -0.4524,  0.0486, -0.2464,
        -0.1990, -0.3056, -0.2833, -0.3361,  1.4140, -0.2259,  0.1001,  0.1773,
        -0.7456,  0.1174,  0.0619, -0.2413,  0.0944,  0.0112, -0.0633, -0.2692],
       device='cuda:0')
tensor([ 1.3117e-01, -3.7138e-01, -5.9405e-02,  4.2678e-01, -1.1632e-01,
        -7.6165e-02, -2.9750e-01, -4.7357e-01,  3.5676e-01,  6.7807e-02,
         3.3295e-01,  7.9707e-01, -6.1446e-02, -1.6759e-01,  3.5029e-01,
        -1.6884e-01,  1.9485e-01,  3.7893e-01,  2.8628e-01, -1.0978e+00,
         1.9579e-02, -4.1318e-01, -2.1398e-01, -1.4195e-01, -5.4300e-01,
         2.1599e-01, -1.0624e-01, -2.2360e-01,  1.7276e-01, -2.3597e-02,
         1.5485e-01,  7.1059e-01,  1.7715e-01, -5.5473e-01,  2.7553e-01,
        -2.5613e-01,  4.5589e-01,  3.9456e-01,  3.7285e-01, -7.0530e-01,
         6.2413e-01,  1.4246e-01, -6.6015e-02, -7.8821e-03, -8.9435e-01,
        -5.3509e-01, -8.0668e-02, -9.1199e-02, -1.8317e-01,  1.0361e-03,
         2.0203e-01, -3.7152e-01,  8.4319e-01, -2.2794e-01, -3.0271e-02,
        -2.1281e-02, -7.2467e-01, -2.3006e-02,  3.6944e-01,  3.1790e-02,
        -3.1401e-01,  6.0609e-04,  2.1309e-01,  7.5027e-02], device='cuda:0')
tensor([ 0.0314, -0.1233,  0.2559,  0.2313,  0.0101,  0.0023, -0.5997, -0.4531,
         0.2525, -0.1068,  0.4974,  1.2145, -0.2101, -0.0783,  0.5202,  0.1067,
        -0.1277,  0.2284,  0.0513, -1.1946, -0.2302, -0.4078,  0.0203,  0.0019,
        -0.9504, -0.1736, -0.2469, -0.0792,  0.2557,  0.3923,  0.0845,  0.9612,
         0.1461, -0.8099,  0.2548, -0.2174,  0.3083,  0.5556,  0.2288, -0.9785,
         0.9603,  0.2208, -0.0826, -0.1985, -1.3081, -0.6345,  0.0544, -0.2731,
        -0.1772, -0.1585, -0.2385, -0.2052,  1.5402, -0.4699, -0.0057, -0.0139,
        -1.0602,  0.3033,  0.1002, -0.1720,  0.0022,  0.1360,  0.3150,  0.0032],
       device='cuda:0')
tensor([ 1.2998e-02, -5.5765e-02, -5.0584e-02,  1.1211e-01,  1.9351e-01,
        -7.7308e-03, -5.0434e-02, -1.1282e-01,  1.6576e-01, -1.3523e-01,
         5.0800e-02,  2.6924e-01, -9.0232e-02,  9.5715e-02,  3.3499e-03,
         1.2082e-01,  4.5379e-03,  2.4394e-01, -1.0001e-01, -3.4154e-01,
        -4.0164e-03, -2.7247e-01, -1.0686e-01, -1.7402e-01, -9.6038e-02,
         2.6153e-01,  1.9819e-02, -1.1398e-01, -4.1090e-02, -1.8970e-01,
         7.7542e-02,  5.3223e-01, -3.1331e-02, -1.0593e-01, -3.0296e-01,
         3.6685e-02,  2.2194e-02,  1.2134e-01,  6.1469e-02, -2.8238e-01,
         1.0511e-01,  6.9890e-02, -6.8758e-02,  6.3431e-02, -2.9974e-01,
        -2.3753e-01, -5.0890e-02,  2.2546e-01, -7.7765e-02,  1.6064e-04,
         1.6380e-02, -1.5377e-01,  3.0518e-01, -1.2600e-01, -7.5768e-02,
        -8.1825e-02, -2.5574e-01, -1.6878e-01,  9.9454e-02,  7.3607e-02,
         9.0428e-02,  1.2534e-01,  2.8396e-01,  1.2638e-01], device='cuda:0')
tensor([ 1.2612e-01,  6.6523e-02,  1.4564e-01,  2.8570e-01,  2.4735e-01,
         1.4056e-03, -5.7352e-01, -5.7426e-01,  2.3430e-01,  1.0422e-01,
         5.0630e-01,  9.6753e-01, -9.7505e-02, -2.6223e-01,  6.1180e-01,
         1.5812e-01,  1.8840e-02,  2.4322e-01,  3.0956e-02, -1.3494e+00,
        -7.2542e-02, -1.8893e-01, -2.6475e-02, -3.4705e-01, -1.0063e+00,
        -7.9552e-02, -3.3292e-01,  6.4974e-02,  3.0556e-01,  9.6559e-02,
        -3.6029e-02,  1.1231e+00,  1.1297e-01, -8.2228e-01,  3.7784e-01,
        -4.7649e-01,  2.7437e-01,  7.6202e-01,  3.5617e-01, -9.0426e-01,
         6.6623e-01,  1.6455e-01, -1.7039e-01, -2.0816e-01, -1.2320e+00,
        -4.1190e-01,  2.1436e-01, -3.7176e-01, -1.2731e-01, -3.9194e-01,
        -1.2624e-01, -3.6343e-01,  1.7449e+00, -3.7345e-01,  1.9087e-01,
         2.4546e-01, -1.1734e+00, -5.1276e-02, -7.5006e-02, -2.1025e-01,
         2.4919e-01,  2.8882e-01,  3.3872e-02, -2.0132e-01], device='cuda:0')
tensor([-0.1677,  0.0511, -0.2749,  0.1729,  0.2185, -0.1299, -0.3044, -0.2613,
         0.2847,  0.2079,  0.2882,  0.2008,  0.2113, -0.0396,  0.2462,  0.0803,
         0.1350,  0.2920,  0.0909, -0.5947,  0.0971, -0.3070,  0.1521, -0.4242,
        -0.2626,  0.1871, -0.4681, -0.0053,  0.0938,  0.0058, -0.3725,  0.7544,
        -0.1373, -0.2825,  0.1405, -0.2662,  0.1958,  0.3721,  0.4366, -0.3577,
        -0.0153, -0.1381, -0.1597,  0.1187, -0.2850,  0.0918,  0.2748, -0.2454,
         0.1300, -0.3260,  0.0927, -0.0864,  0.7051, -0.2182,  0.0358, -0.0180,
        -0.4580, -0.4400, -0.0498, -0.3444,  0.1466,  0.3386, -0.0957, -0.1081],
       device='cuda:0')
tensor([ 0.0699, -0.4126,  0.1312,  0.4077, -0.0446,  0.0731, -0.3348, -0.2870,
         0.2922,  0.1027,  0.3170,  0.7689, -0.1176, -0.1512,  0.3312,  0.0822,
         0.1080,  0.4037,  0.3184, -0.9104,  0.1431, -0.2851,  0.0046, -0.1639,
        -0.3846,  0.2638, -0.0713, -0.1050,  0.0154, -0.0633,  0.0191,  0.6139,
         0.1841, -0.3357,  0.3593, -0.2079,  0.3741,  0.3514,  0.3726, -0.6825,
         0.5945,  0.1393, -0.1598,  0.1086, -0.8579, -0.3073, -0.2776,  0.0281,
        -0.2271, -0.1590,  0.0845, -0.1817,  0.7946, -0.2409, -0.0912,  0.0303,
        -0.4940,  0.0032,  0.3395,  0.0013, -0.0959,  0.1065,  0.0166, -0.0400],
       device='cuda:0')
tensor([ 0.2681,  0.1150,  0.1751,  0.1686,  0.2077, -0.1762, -0.3086, -0.5646,
         0.2000, -0.1393,  0.4414,  1.0255, -0.1224, -0.1851,  0.5178, -0.0799,
        -0.1285, -0.0455, -0.2380, -1.2884, -0.1495, -0.1640, -0.1967, -0.1843,
        -0.6383, -0.2469, -0.4022, -0.0555,  0.3452,  0.2942,  0.0348,  0.9851,
        -0.0607, -0.7637,  0.0647, -0.4925,  0.1386,  0.6092,  0.3237, -0.6375,
         0.4801,  0.0961, -0.1483, -0.1104, -1.0416, -0.4631,  0.3184, -0.2302,
        -0.0968, -0.0395, -0.2626, -0.3191,  1.7111, -0.3142, -0.0148,  0.0554,
        -1.2549,  0.0849,  0.0132, -0.3523,  0.1759,  0.2401,  0.1667, -0.2807],
       device='cuda:0')
tensor([ 0.1768, -0.4789, -0.1198,  0.3848,  0.0190, -0.1690, -0.3783, -0.4826,
         0.2928,  0.0097,  0.3984,  0.8846, -0.1275, -0.1956,  0.3452, -0.0806,
         0.0229,  0.3909,  0.1715, -1.1249,  0.1017, -0.3779, -0.1861, -0.3405,
        -0.5220,  0.1437, -0.1686, -0.1476,  0.1148, -0.1345,  0.0971,  0.8757,
         0.0745, -0.6098,  0.1838, -0.4057,  0.4159,  0.5033,  0.4804, -0.7156,
         0.4263,  0.1846, -0.1031, -0.0547, -0.9235, -0.5412, -0.0333, -0.1108,
        -0.2762, -0.1865,  0.1903, -0.2278,  1.1478, -0.2220, -0.0711,  0.0367,
        -0.8140, -0.1916,  0.4448, -0.0343, -0.0854,  0.1614,  0.2209, -0.0320],
       device='cuda:0')
tensor([-9.7766e-04, -2.6586e-01, -1.4610e-01,  4.4223e-01, -1.1542e-01,
        -1.3643e-01, -3.7999e-01, -4.6850e-01,  3.0200e-01,  2.5352e-01,
         4.8283e-01,  7.5259e-01,  3.1345e-02, -1.8890e-01,  3.5722e-01,
         1.7090e-02,  1.4128e-01,  3.3277e-01,  2.0630e-01, -1.1923e+00,
         7.8554e-02, -4.5385e-01, -4.3730e-02, -3.3561e-01, -5.9500e-01,
         2.2848e-01, -3.4025e-01,  9.4439e-03,  1.1610e-01, -5.4347e-02,
        -1.8095e-01,  9.4003e-01,  7.6423e-02, -6.2126e-01,  3.7709e-01,
        -5.2041e-01,  3.9685e-01,  4.8560e-01,  6.0023e-01, -7.2316e-01,
         4.3678e-01,  7.8032e-02, -1.2311e-01, -8.5450e-03, -9.1610e-01,
        -3.8206e-01,  5.3746e-02, -2.8041e-01, -1.7291e-01, -1.4462e-01,
         1.9434e-01, -2.2792e-01,  1.1078e+00, -3.2005e-01, -4.6755e-02,
         1.3342e-01, -7.6313e-01, -2.2162e-01,  2.1665e-01, -2.3431e-01,
        -1.0694e-01,  2.4197e-01, -4.4913e-02, -1.5686e-01], device='cuda:0')
tensor([ 0.0625, -0.1548, -0.0669,  0.2902,  0.1737, -0.1971, -0.3907, -0.5057,
         0.3959,  0.0821,  0.5258,  0.6004,  0.1509, -0.0719,  0.4972, -0.0388,
         0.1317,  0.1134, -0.0049, -1.2015,  0.0463, -0.2114, -0.1569, -0.4895,
        -0.6320,  0.0820, -0.2857, -0.0721,  0.2948,  0.1361, -0.0206,  1.2567,
         0.0051, -0.6076,  0.0934, -0.4236,  0.1417,  0.6202,  0.4976, -0.6812,
         0.3716, -0.0718, -0.1172, -0.0657, -0.9505, -0.5753,  0.4156, -0.3132,
        -0.0465, -0.2398, -0.0072, -0.3427,  1.3266, -0.3275,  0.1252, -0.0073,
        -1.0843, -0.0086,  0.1038, -0.4292,  0.1499,  0.1184,  0.1177, -0.1558],
       device='cuda:0')
tensor([ 0.2893, -0.0200,  0.3235,  0.4152,  0.2224,  0.0745, -0.6112, -0.3856,
         0.2414,  0.0951,  0.7378,  1.1290, -0.1022, -0.4289,  0.4577,  0.0909,
        -0.0031,  0.0036, -0.0840, -1.6393, -0.1355, -0.3492,  0.0735, -0.0611,
        -0.9909, -0.1375, -0.4972, -0.0169,  0.2848,  0.2221, -0.0883,  0.9573,
         0.1746, -0.8178,  0.2182, -0.6261,  0.3933,  0.7826,  0.4153, -1.0807,
         0.6274,  0.1408, -0.1443, -0.2507, -1.3140, -0.4728,  0.2127, -0.2283,
        -0.1310, -0.2240, -0.0711, -0.2996,  1.8364, -0.3153,  0.1710,  0.2930,
        -1.1255, -0.0183, -0.1197, -0.1956,  0.0926,  0.0094,  0.1492, -0.3322],
       device='cuda:0')
tensor([-0.1096, -0.2948, -0.1418,  0.3217,  0.0363,  0.0832, -0.3946, -0.3752,
         0.3124,  0.0318,  0.4456,  0.7190, -0.0870, -0.0447,  0.3382, -0.1139,
         0.1038,  0.3834,  0.3573, -0.9376,  0.0815, -0.3586,  0.1637, -0.3028,
        -0.5140,  0.2953, -0.2786, -0.1592,  0.0088,  0.0028, -0.1404,  0.7912,
         0.2243, -0.5580,  0.3655, -0.3422,  0.4939,  0.5146,  0.4840, -0.6639,
         0.4479,  0.1376, -0.0755, -0.0044, -0.7834, -0.1328,  0.0395, -0.0462,
        -0.1227, -0.2941,  0.1292, -0.1724,  0.8569, -0.3787, -0.1089,  0.1978,
        -0.6574, -0.0762,  0.3120, -0.0739, -0.1270,  0.2343,  0.0246, -0.0975],
       device='cuda:0')
tensor([ 0.2015, -0.2924,  0.1301,  0.5662,  0.1007, -0.0869, -0.3597, -0.4937,
         0.2395,  0.1503,  0.3000,  0.7615,  0.0315, -0.3261,  0.4368, -0.0578,
        -0.0211,  0.2316,  0.3193, -1.3088, -0.0170, -0.3640, -0.1794, -0.1567,
        -0.5839,  0.2386, -0.1831, -0.2004,  0.0440,  0.0199,  0.0437,  0.8430,
         0.0969, -0.6605,  0.3223, -0.5785,  0.2931,  0.5319,  0.5191, -0.7207,
         0.5761,  0.0701, -0.1074, -0.1145, -1.0946, -0.4146, -0.0779, -0.1075,
        -0.1891, -0.2548,  0.1726, -0.2945,  1.1985, -0.2356,  0.1177,  0.1319,
        -0.7205, -0.0482,  0.2477, -0.0055,  0.0064,  0.2078,  0.1279, -0.2213],
       device='cuda:0')
